14 0 0 0.0
14 1 1 2.8284271247461903
14 2 4 5.656854249492381
14 3 9 8.485281374238571
14 4 16 11.313708498984761
14 5 25 14.142135623730951
14 6 36 16.970562748477143
14 7 49 19.79898987322333
14 8 64 22.627416997969522
14 9 81 25.455844122715714
14 10 100 28.284271247461902
14 11 121 31.112698372208094
14 12 144 33.941125496954285
14 13 169 36.76955262170048
14 14 196 39.59797974644666
14 15 225 42.42640687119285
14 16 256 45.254833995939045
14 17 289 48.083261120685236
14 18 324 50.91168824543143
14 19 361 53.74011537017761
14 20 400 56.568542494923804
14 21 441 59.396969619669996
14 22 484 62.22539674441619
14 23 529 65.05382386916237
14 24 576 67.88225099390857
14 25 625 70.71067811865476
14 26 676 73.53910524340095
14 27 729 76.36753236814714
14 28 784 79.19595949289332
14 29 841 82.02438661763952
14 30 900 84.8528137423857
14 31 961 87.6812408671319
14 32 1024 90.50966799187809
14 33 1089 93.33809511662427
14 34 1156 96.16652224137047
14 35 1225 98.99494936611666
14 36 1296 101.82337649086286
14 37 1369 104.65180361560904
14 38 1444 107.48023074035522
14 39 1521 110.30865786510142
14 40 1600 113.13708498984761
14 41 1681 115.9655121145938
14 42 1764 118.79393923933999
14 43 1849 121.62236636408618
14 44 1936 124.45079348883237
14 45 2025 127.27922061357856
14 46 2116 130.10764773832474
14 47 2209 132.93607486307096
14 48 2304 135.76450198781714
14 49 2401 138.59292911256333
14 50 2500 141.4213562373095
14 51 2601 144.2497833620557
14 52 2704 147.0782104868019
14 53 2809 149.9066376115481
14 54 2916 152.73506473629428
14 55 3025 155.56349186104046
14 56 3136 158.39191898578665
14 57 3249 161.22034611053286
14 58 3364 164.04877323527904
14 59 3481 166.87720036002523
14 60 3600 169.7056274847714
14 61 3721 172.5340546095176
14 62 3844 175.3624817342638
14 63 3969 178.19090885901
14 64 4096 181.01933598375618
14 65 4225 183.84776310850236
14 66 4356 186.67619023324855
14 67 4489 189.50461735799476
14 68 4624 192.33304448274095
14 69 4761 195.16147160748713
14 70 4900 197.9898987322333
14 71 5041 200.8183258569795
14 72 5184 203.6467529817257
14 73 5329 206.4751801064719
14 74 5476 209.30360723121808
14 75 5625 212.13203435596427
14 76 5776 214.96046148071045
14 77 5929 217.78888860545666
14 78 6084 220.61731573020285
14 79 6241 223.44574285494903
14 80 6400 226.27416997969522
14 81 6561 229.1025971044414
14 82 6724 231.9310242291876
14 83 6889 234.7594513539338
14 84 7056 237.58787847867998
14 85 7225 240.41630560342617
14 86 7396 243.24473272817235
14 87 7569 246.07315985291856
14 88 7744 248.90158697766475
14 89 7921 251.73001410241093
14 90 8100 254.55844122715712
14 91 8281 257.38686835190333
14 92 8464 260.2152954766495
14 93 8649 263.0437226013957
14 94 8836 265.8721497261419
14 95 9025 268.70057685088807
14 96 9216 271.5290039756343
14 97 9409 274.35743110038044
14 98 9604 277.18585822512665
14 99 9801 280.01428534987286
14 100 10000 282.842712474619
14 101 10201 285.67113959936523
14 102 10404 288.4995667241114
14 103 10609 291.3279938488576
14 104 10816 294.1564209736038
14 105 11025 296.98484809834997
14 106 11236 299.8132752230962
14 107 11449 302.64170234784234
14 108 11664 305.47012947258855
14 109 11881 308.29855659733477
14 110 12100 311.1269837220809
14 111 12321 313.95541084682714
14 112 12544 316.7838379715733
14 113 12769 319.6122650963195
14 114 12996 322.4406922210657
14 115 13225 325.2691193458119
14 116 13456 328.0975464705581
14 117 13689 330.92597359530424
14 118 13924 333.75440072005046
14 119 14161 336.58282784479667
14 120 14400 339.4112549695428
14 121 14641 342.23968209428904
14 122 14884 345.0681092190352
14 123 15129 347.8965363437814
14 124 15376 350.7249634685276
14 125 15625 353.5533905932738
14 126 15876 356.38181771802
14 127 16129 359.21024484276614
14 128 16384 362.03867196751236
14 129 16641 364.86709909225857
14 130 16900 367.6955262170047
14 131 17161 370.52395334175094
14 132 17424 373.3523804664971
14 133 17689 376.1808075912433
14 134 17956 379.0092347159895
14 135 18225 381.8376618407357
14 136 18496 384.6660889654819
14 137 18769 387.49451609022805
14 138 19044 390.32294321497426
14 139 19321 393.1513703397205
14 140 19600 395.9797974644666
14 141 19881 398.80822458921284
14 142 20164 401.636651713959
14 143 20449 404.4650788387052
14 144 20736 407.2935059634514
14 145 21025 410.1219330881976
14 146 21316 412.9503602129438
14 147 21609 415.77878733768995
14 148 21904 418.60721446243616
14 149 22201 421.4356415871824
14 150 22500 424.26406871192853
14 151 22801 427.09249583667474
14 152 23104 429.9209229614209
14 153 23409 432.7493500861671
14 154 23716 435.5777772109133
14 155 24025 438.4062043356595
14 156 24336 441.2346314604057
14 157 24649 444.06305858515185
14 158 24964 446.89148570989806
14 159 25281 449.7199128346443
14 160 25600 452.54833995939043
14 161 25921 455.37676708413665
14 162 26244 458.2051942088828
14 163 26569 461.033621333629
14 164 26896 463.8620484583752
14 165 27225 466.6904755831214
14 166 27556 469.5189027078676
14 167 27889 472.34732983261375
14 168 28224 475.17575695735997
14 169 28561 478.0041840821062
14 170 28900 480.83261120685233
14 171 29241 483.66103833159855
14 172 29584 486.4894654563447
14 173 29929 489.3178925810909
14 174 30276 492.14631970583713
14 175 30625 494.9747468305833
14 176 30976 497.8031739553295
14 177 31329 500.63160108007565
14 178 31684 503.46002820482187
14 179 32041 506.2884553295681
14 180 32400 509.11688245431424
14 181 32761 511.94530957906045
14 182 33124 514.7737367038067
14 183 33489 517.6021638285529
14 184 33856 520.430590953299
14 185 34225 523.2590180780452
14 186 34596 526.0874452027914
14 187 34969 528.9158723275376
14 188 35344 531.7442994522838
14 189 35721 534.5727265770299
14 190 36100 537.4011537017761
14 191 36481 540.2295808265224
14 192 36864 543.0580079512686
14 193 37249 545.8864350760148
14 194 37636 548.7148622007609
14 195 38025 551.5432893255071
14 196 38416 554.3717164502533
14 197 38809 557.2001435749995
14 198 39204 560.0285706997457
14 199 39601 562.8569978244918
14 200 40000 565.685424949238
14 201 40401 568.5138520739843
14 202 40804 571.3422791987305
14 203 41209 574.1707063234767
14 204 41616 576.9991334482228
14 205 42025 579.827560572969
14 206 42436 582.6559876977152
14 207 42849 585.4844148224614
14 208 43264 588.3128419472076
14 209 43681 591.1412690719537
14 210 44100 593.9696961966999
14 211 44521 596.7981233214462
14 212 44944 599.6265504461924
14 213 45369 602.4549775709386
14 214 45796 605.2834046956847
14 215 46225 608.1118318204309
14 216 46656 610.9402589451771
14 217 47089 613.7686860699233
14 218 47524 616.5971131946695
14 219 47961 619.4255403194156
14 220 48400 622.2539674441618
14 221 48841 625.0823945689081
14 222 49284 627.9108216936543
14 223 49729 630.7392488184005
14 224 50176 633.5676759431466
14 225 50625 636.3961030678928
14 226 51076 639.224530192639
14 227 51529 642.0529573173852
14 228 51984 644.8813844421314
14 229 52441 647.7098115668775
14 230 52900 650.5382386916237
14 231 53361 653.36666581637
14 232 53824 656.1950929411162
14 233 54289 659.0235200658624
14 234 54756 661.8519471906085
14 235 55225 664.6803743153547
14 236 55696 667.5088014401009
14 237 56169 670.3372285648471
14 238 56644 673.1656556895933
14 239 57121 675.9940828143394
14 240 57600 678.8225099390856
14 241 58081 681.6509370638319
14 242 58564 684.4793641885781
14 243 59049 687.3077913133243
14 244 59536 690.1362184380704
14 245 60025 692.9646455628166
14 246 60516 695.7930726875628
14 247 61009 698.621499812309
14 248 61504 701.4499269370552
14 249 62001 704.2783540618013
14 250 62500 707.1067811865476
14 251 63001 709.9352083112938
14 252 63504 712.76363543604
14 253 64009 715.5920625607862
14 254 64516 718.4204896855323
14 255 65025 721.2489168102785
14 256 65536 724.0773439350247
14 257 66049 726.9057710597709
14 258 66564 729.7341981845171
14 259 67081 732.5626253092632
14 260 67600 735.3910524340095
14 261 68121 738.2194795587557
14 262 68644 741.0479066835019
14 263 69169 743.8763338082481
14 264 69696 746.7047609329942
14 265 70225 749.5331880577404
14 266 70756 752.3616151824866
14 267 71289 755.1900423072328
14 268 71824 758.018469431979
14 269 72361 760.8468965567251
14 270 72900 763.6753236814714
14 271 73441 766.5037508062176
14 272 73984 769.3321779309638
14 273 74529 772.16060505571
14 274 75076 774.9890321804561
14 275 75625 777.8174593052023
14 276 76176 780.6458864299485
14 277 76729 783.4743135546947
14 278 77284 786.302740679441
14 279 77841 789.131167804187
14 280 78400 791.9595949289333
14 281 78961 794.7880220536795
14 282 79524 797.6164491784257
14 283 80089 800.4448763031719
14 284 80656 803.273303427918
14 285 81225 806.1017305526642
14 286 81796 808.9301576774104
14 287 82369 811.7585848021566
14 288 82944 814.5870119269028
14 289 83521 817.415439051649
14 290 84100 820.2438661763952
14 291 84681 823.0722933011414
14 292 85264 825.9007204258876
14 293 85849 828.7291475506338
14 294 86436 831.5575746753799
14 295 87025 834.3860018001261
14 296 87616 837.2144289248723
14 297 88209 840.0428560496185
14 298 88804 842.8712831743647
14 299 89401 845.6997102991108
14 300 90000 848.5281374238571
14 301 90601 851.3565645486033
14 302 91204 854.1849916733495
14 303 91809 857.0134187980957
14 304 92416 859.8418459228418
14 305 93025 862.670273047588
14 306 93636 865.4987001723342
14 307 94249 868.3271272970804
14 308 94864 871.1555544218267
14 309 95481 873.9839815465727
14 310 96100 876.812408671319
14 311 96721 879.6408357960652
14 312 97344 882.4692629208114
14 313 97969 885.2976900455576
14 314 98596 888.1261171703037
14 315 99225 890.9545442950499
14 316 99856 893.7829714197961
14 317 100489 896.6113985445423
14 318 101124 899.4398256692886
14 319 101761 902.2682527940347
14 320 102400 905.0966799187809
14 321 103041 907.9251070435271
14 322 103684 910.7535341682733
14 323 104329 913.5819612930195
14 324 104976 916.4103884177656
14 325 105625 919.2388155425118
14 326 106276 922.067242667258
14 327 106929 924.8956697920042
14 328 107584 927.7240969167505
14 329 108241 930.5525240414966
14 330 108900 933.3809511662428
14 331 109561 936.209378290989
14 332 110224 939.0378054157352
14 333 110889 941.8662325404814
14 334 111556 944.6946596652275
14 335 112225 947.5230867899737
14 336 112896 950.3515139147199
14 337 113569 953.1799410394661
14 338 114244 956.0083681642124
14 339 114921 958.8367952889585
14 340 115600 961.6652224137047
14 341 116281 964.4936495384509
14 342 116964 967.3220766631971
14 343 117649 970.1505037879433
14 344 118336 972.9789309126894
14 345 119025 975.8073580374356
14 346 119716 978.6357851621818
14 347 120409 981.464212286928
14 348 121104 984.2926394116743
14 349 121801 987.1210665364204
14 350 122500 989.9494936611666
14 351 123201 992.7779207859128
14 352 123904 995.606347910659
14 353 124609 998.4347750354052
14 354 125316 1001.2632021601513
14 355 126025 1004.0916292848975
14 356 126736 1006.9200564096437
14 357 127449 1009.74848353439
14 358 128164 1012.5769106591362
14 359 128881 1015.4053377838823
14 360 129600 1018.2337649086285
14 361 130321 1021.0621920333747
14 362 131044 1023.8906191581209
14 363 131769 1026.719046282867
14 364 132496 1029.5474734076133
14 365 133225 1032.3759005323595
14 366 133956 1035.2043276571058
14 367 134689 1038.0327547818517
14 368 135424 1040.861181906598
14 369 136161 1043.6896090313442
14 370 136900 1046.5180361560904
14 371 137641 1049.3464632808366
14 372 138384 1052.1748904055828
14 373 139129 1055.003317530329
14 374 139876 1057.8317446550752
14 375 140625 1060.6601717798214
14 376 141376 1063.4885989045677
14 377 142129 1066.3170260293136
14 378 142884 1069.1454531540599
14 379 143641 1071.973880278806
14 380 144400 1074.8023074035523
14 381 145161 1077.6307345282985
14 382 145924 1080.4591616530447
14 383 146689 1083.287588777791
14 384 147456 1086.1160159025371
14 385 148225 1088.9444430272833
14 386 148996 1091.7728701520296
14 387 149769 1094.6012972767755
14 388 150544 1097.4297244015218
14 389 151321 1100.258151526268
14 390 152100 1103.0865786510142
14 391 152881 1105.9150057757604
14 392 153664 1108.7434329005066
14 393 154449 1111.5718600252528
14 394 155236 1114.400287149999
14 395 156025 1117.2287142747452
14 396 156816 1120.0571413994915
14 397 157609 1122.8855685242374
14 398 158404 1125.7139956489837
14 399 159201 1128.5424227737299
14 400 160000 1131.370849898476
14 401 160801 1134.1992770232223
14 402 161604 1137.0277041479685
14 403 162409 1139.8561312727147
14 404 163216 1142.684558397461
14 405 164025 1145.5129855222071
14 406 164836 1148.3414126469534
14 407 165649 1151.1698397716993
14 408 166464 1153.9982668964456
14 409 167281 1156.8266940211918
14 410 168100 1159.655121145938
14 411 168921 1162.4835482706842
14 412 169744 1165.3119753954304
14 413 170569 1168.1404025201766
14 414 171396 1170.9688296449228
14 415 172225 1173.797256769669
14 416 173056 1176.6256838944153
14 417 173889 1179.4541110191612
14 418 174724 1182.2825381439075
14 419 175561 1185.1109652686537
14 420 176400 1187.9393923933999
14 421 177241 1190.767819518146
14 422 178084 1193.5962466428923
14 423 178929 1196.4246737676385
14 424 179776 1199.2531008923847
14 425 180625 1202.081528017131
14 426 181476 1204.9099551418772
14 427 182329 1207.7383822666231
14 428 183184 1210.5668093913694
14 429 184041 1213.3952365161156
14 430 184900 1216.2236636408618
14 431 185761 1219.052090765608
14 432 186624 1221.8805178903542
14 433 187489 1224.7089450151004
14 434 188356 1227.5373721398466
14 435 189225 1230.3657992645929
14 436 190096 1233.194226389339
14 437 190969 1236.022653514085
14 438 191844 1238.8510806388313
14 439 192721 1241.6795077635775
14 440 193600 1244.5079348883237
14 441 194481 1247.33636201307
14 442 195364 1250.1647891378161
14 443 196249 1252.9932162625623
14 444 197136 1255.8216433873085
14 445 198025 1258.6500705120548
14 446 198916 1261.478497636801
14 447 199809 1264.306924761547
14 448 200704 1267.1353518862932
14 449 201601 1269.9637790110394
14 450 202500 1272.7922061357856
14 451 203401 1275.6206332605318
14 452 204304 1278.449060385278
14 453 205209 1281.2774875100242
14 454 206116 1284.1059146347704
14 455 207025 1286.9343417595167
14 456 207936 1289.7627688842629
14 457 208849 1292.5911960090089
14 458 209764 1295.419623133755
14 459 210681 1298.2480502585013
14 460 211600 1301.0764773832475
14 461 212521 1303.9049045079937
14 462 213444 1306.73333163274
14 463 214369 1309.5617587574861
14 464 215296 1312.3901858822323
14 465 216225 1315.2186130069786
14 466 217156 1318.0470401317248
14 467 218089 1320.8754672564708
14 468 219024 1323.703894381217
14 469 219961 1326.5323215059632
14 470 220900 1329.3607486307094
14 471 221841 1332.1891757554556
14 472 222784 1335.0176028802018
14 473 223729 1337.846030004948
14 474 224676 1340.6744571296942
14 475 225625 1343.5028842544405
14 476 226576 1346.3313113791867
14 477 227529 1349.1597385039327
14 478 228484 1351.9881656286789
14 479 229441 1354.816592753425
14 480 230400 1357.6450198781713
14 481 231361 1360.4734470029175
14 482 232324 1363.3018741276637
14 483 233289 1366.13030125241
14 484 234256 1368.9587283771561
14 485 235225 1371.7871555019024
14 486 236196 1374.6155826266486
14 487 237169 1377.4440097513946
14 488 238144 1380.2724368761408
14 489 239121 1383.100864000887
14 490 240100 1385.9292911256332
14 491 241081 1388.7577182503794
14 492 242064 1391.5861453751256
14 493 243049 1394.4145724998718
14 494 244036 1397.242999624618
14 495 245025 1400.0714267493643
14 496 246016 1402.8998538741105
14 497 247009 1405.7282809988565
14 498 248004 1408.5567081236027
14 499 249001 1411.385135248349
14 500 250000 1414.213562373095
14 501 251001 1417.0419894978413
14 502 252004 1419.8704166225875
14 503 253009 1422.6988437473337
14 504 254016 1425.52727087208
14 505 255025 1428.3556979968262
14 506 256036 1431.1841251215724
14 507 257049 1434.0125522463184
14 508 258064 1436.8409793710646
14 509 259081 1439.6694064958108
14 510 260100 1442.497833620557
14 511 261121 1445.3262607453032
14 512 262144 1448.1546878700494
14 513 263169 1450.9831149947956
14 514 264196 1453.8115421195419
14 515 265225 1456.639969244288
14 516 266256 1459.4683963690343
14 517 267289 1462.2968234937805
14 518 268324 1465.1252506185265
14 519 269361 1467.9536777432727
14 520 270400 1470.782104868019
14 521 271441 1473.6105319927651
14 522 272484 1476.4389591175113
14 523 273529 1479.2673862422575
14 524 274576 1482.0958133670038
14 525 275625 1484.92424049175
14 526 276676 1487.7526676164962
14 527 277729 1490.5810947412424
14 528 278784 1493.4095218659884
14 529 279841 1496.2379489907346
14 530 280900 1499.0663761154808
14 531 281961 1501.894803240227
14 532 283024 1504.7232303649732
14 533 284089 1507.5516574897194
14 534 285156 1510.3800846144657
14 535 286225 1513.2085117392119
14 536 287296 1516.036938863958
14 537 288369 1518.8653659887043
14 538 289444 1521.6937931134503
14 539 290521 1524.5222202381965
14 540 291600 1527.3506473629427
14 541 292681 1530.179074487689
14 542 293764 1533.0075016124351
14 543 294849 1535.8359287371813
14 544 295936 1538.6643558619276
14 545 297025 1541.4927829866738
14 546 298116 1544.32121011142
14 547 299209 1547.1496372361662
14 548 300304 1549.9780643609122
14 549 301401 1552.8064914856584
14 550 302500 1555.6349186104046
14 551 303601 1558.4633457351508
14 552 304704 1561.291772859897
14 553 305809 1564.1201999846432
14 554 306916 1566.9486271093895
14 555 308025 1569.7770542341357
14 556 309136 1572.605481358882
14 557 310249 1575.433908483628
14 558 311364 1578.262335608374
14 559 312481 1581.0907627331203
14 560 313600 1583.9191898578665
14 561 314721 1586.7476169826127
14 562 315844 1589.576044107359
14 563 316969 1592.4044712321052
14 564 318096 1595.2328983568514
14 565 319225 1598.0613254815976
14 566 320356 1600.8897526063438
14 567 321489 1603.71817973109
14 568 322624 1606.546606855836
14 569 323761 1609.3750339805822
14 570 324900 1612.2034611053284
14 571 326041 1615.0318882300746
14 572 327184 1617.8603153548208
14 573 328329 1620.688742479567
14 574 329476 1623.5171696043133
14 575 330625 1626.3455967290595
14 576 331776 1629.1740238538057
14 577 332929 1632.002450978552
14 578 334084 1634.830878103298
14 579 335241 1637.659305228044
14 580 336400 1640.4877323527903
14 581 337561 1643.3161594775365
14 582 338724 1646.1445866022827
14 583 339889 1648.973013727029
14 584 341056 1651.8014408517752
14 585 342225 1654.6298679765214
14 586 343396 1657.4582951012676
14 587 344569 1660.2867222260138
14 588 345744 1663.1151493507598
14 589 346921 1665.943576475506
14 590 348100 1668.7720036002522
14 591 349281 1671.6004307249984
14 592 350464 1674.4288578497446
14 593 351649 1677.2572849744909
14 594 352836 1680.085712099237
14 595 354025 1682.9141392239833
14 596 355216 1685.7425663487295
14 597 356409 1688.5709934734757
14 598 357604 1691.3994205982217
14 599 358801 1694.227847722968
14 600 360000 1697.0562748477141
14 601 361201 1699.8847019724603
14 602 362404 1702.7131290972065
14 603 363609 1705.5415562219528
14 604 364816 1708.369983346699
14 605 366025 1711.1984104714452
14 606 367236 1714.0268375961914
14 607 368449 1716.8552647209376
14 608 369664 1719.6836918456836
14 609 370881 1722.5121189704298
14 610 372100 1725.340546095176
14 611 373321 1728.1689732199222
14 612 374544 1730.9974003446684
14 613 375769 1733.8258274694147
14 614 376996 1736.6542545941609
14 615 378225 1739.482681718907
14 616 379456 1742.3111088436533
14 617 380689 1745.1395359683995
14 618 381924 1747.9679630931455
14 619 383161 1750.7963902178917
14 620 384400 1753.624817342638
14 621 385641 1756.4532444673841
14 622 386884 1759.2816715921304
14 623 388129 1762.1100987168766
14 624 389376 1764.9385258416228
14 625 390625 1767.766952966369
14 626 391876 1770.5953800911152
14 627 393129 1773.4238072158614
14 628 394384 1776.2522343406074
14 629 395641 1779.0806614653536
14 630 396900 1781.9090885900998
14 631 398161 1784.737515714846
14 632 399424 1787.5659428395923
14 633 400689 1790.3943699643385
14 634 401956 1793.2227970890847
14 635 403225 1796.051224213831
14 636 404496 1798.879651338577
14 637 405769 1801.7080784633233
14 638 407044 1804.5365055880693
14 639 408321 1807.3649327128155
14 640 409600 1810.1933598375617
14 641 410881 1813.021786962308
14 642 412164 1815.8502140870542
14 643 413449 1818.6786412118004
14 644 414736 1821.5070683365466
14 645 416025 1824.3354954612928
14 646 417316 1827.163922586039
14 647 418609 1829.9923497107852
14 648 419904 1832.8207768355312
14 649 421201 1835.6492039602774
14 650 422500 1838.4776310850236
14 651 423801 1841.3060582097698
14 652 425104 1844.134485334516
14 653 426409 1846.9629124592623
14 654 427716 1849.7913395840085
14 655 429025 1852.6197667087547
14 656 430336 1855.448193833501
14 657 431649 1858.2766209582471
14 658 432964 1861.105048082993
14 659 434281 1863.9334752077393
14 660 435600 1866.7619023324855
14 661 436921 1869.5903294572317
14 662 438244 1872.418756581978
14 663 439569 1875.2471837067242
14 664 440896 1878.0756108314704
14 665 442225 1880.9040379562166
14 666 443556 1883.7324650809628
14 667 444889 1886.560892205709
14 668 446224 1889.389319330455
14 669 447561 1892.2177464552012
14 670 448900 1895.0461735799474
14 671 450241 1897.8746007046936
14 672 451584 1900.7030278294399
14 673 452929 1903.531454954186
14 674 454276 1906.3598820789323
14 675 455625 1909.1883092036785
14 676 456976 1912.0167363284247
14 677 458329 1914.845163453171
14 678 459684 1917.673590577917
14 679 461041 1920.5020177026631
14 680 462400 1923.3304448274093
14 681 463761 1926.1588719521556
14 682 465124 1928.9872990769018
14 683 466489 1931.815726201648
14 684 467856 1934.6441533263942
14 685 469225 1937.4725804511404
14 686 470596 1940.3010075758866
14 687 471969 1943.1294347006328
14 688 473344 1945.9578618253788
14 689 474721 1948.786288950125
14 690 476100 1951.6147160748712
14 691 477481 1954.4431431996175
14 692 478864 1957.2715703243637
14 693 480249 1960.0999974491099
14 694 481636 1962.928424573856
14 695 483025 1965.7568516986023
14 696 484416 1968.5852788233485
14 697 485809 1971.4137059480947
14 698 487204 1974.2421330728407
14 699 488601 1977.070560197587
14 700 490000 1979.8989873223331
14 701 491401 1982.7274144470794
14 702 492804 1985.5558415718256
14 703 494209 1988.3842686965718
14 704 495616 1991.212695821318
14 705 497025 1994.0411229460642
14 706 498436 1996.8695500708104
14 707 499849 1999.6979771955566
14 708 501264 2002.5264043203026
14 709 502681 2005.3548314450488
14 710 504100 2008.183258569795
14 711 505521 2011.0116856945413
14 712 506944 2013.8401128192875
14 713 508369 2016.6685399440337
14 714 509796 2019.49696706878
14 715 511225 2022.325394193526
14 716 512656 2025.1538213182723
14 717 514089 2027.9822484430185
14 718 515524 2030.8106755677645
14 719 516961 2033.6391026925107
14 720 518400 2036.467529817257
14 721 519841 2039.2959569420032
14 722 521284 2042.1243840667494
14 723 522729 2044.9528111914956
14 724 524176 2047.7812383162418
14 725 525625 2050.609665440988
14 726 527076 2053.438092565734
14 727 528529 2056.2665196904804
14 728 529984 2059.0949468152266
14 729 531441 2061.923373939973
14 730 532900 2064.751801064719
14 731 534361 2067.5802281894653
14 732 535824 2070.4086553142115
14 733 537289 2073.2370824389573
14 734 538756 2076.0655095637035
14 735 540225 2078.8939366884497
14 736 541696 2081.722363813196
14 737 543169 2084.550790937942
14 738 544644 2087.3792180626883
14 739 546121 2090.2076451874345
14 740 547600 2093.0360723121807
14 741 549081 2095.864499436927
14 742 550564 2098.692926561673
14 743 552049 2101.5213536864194
14 744 553536 2104.3497808111656
14 745 555025 2107.178207935912
14 746 556516 2110.006635060658
14 747 558009 2112.8350621854042
14 748 559504 2115.6634893101505
14 749 561001 2118.4919164348967
14 750 562500 2121.320343559643
14 751 564001 2124.148770684389
14 752 565504 2126.9771978091353
14 753 567009 2129.805624933881
14 754 568516 2132.6340520586273
14 755 570025 2135.4624791833735
14 756 571536 2138.2909063081197
14 757 573049 2141.119333432866
14 758 574564 2143.947760557612
14 759 576081 2146.7761876823583
14 760 577600 2149.6046148071046
14 761 579121 2152.4330419318508
14 762 580644 2155.261469056597
14 763 582169 2158.089896181343
14 764 583696 2160.9183233060894
14 765 585225 2163.7467504308356
14 766 586756 2166.575177555582
14 767 588289 2169.403604680328
14 768 589824 2172.2320318050743
14 769 591361 2175.0604589298205
14 770 592900 2177.8888860545667
14 771 594441 2180.717313179313
14 772 595984 2183.545740304059
14 773 597529 2186.3741674288053
14 774 599076 2189.202594553551
14 775 600625 2192.0310216782973
14 776 602176 2194.8594488030435
14 777 603729 2197.6878759277897
14 778 605284 2200.516303052536
14 779 606841 2203.344730177282
14 780 608400 2206.1731573020284
14 781 609961 2209.0015844267746
14 782 611524 2211.830011551521
14 783 613089 2214.658438676267
14 784 614656 2217.486865801013
14 785 616225 2220.3152929257594
14 786 617796 2223.1437200505056
14 787 619369 2225.972147175252
14 788 620944 2228.800574299998
14 789 622521 2231.6290014247443
14 790 624100 2234.4574285494905
14 791 625681 2237.2858556742367
14 792 627264 2240.114282798983
14 793 628849 2242.942709923729
14 794 630436 2245.771137048475
14 795 632025 2248.599564173221
14 796 633616 2251.4279912979673
14 797 635209 2254.2564184227135
14 798 636804 2257.0848455474597
14 799 638401 2259.913272672206
14 800 640000 2262.741699796952
14 801 641601 2265.5701269216984
14 802 643204 2268.3985540464446
14 803 644809 2271.226981171191
14 804 646416 2274.055408295937
14 805 648025 2276.883835420683
14 806 649636 2279.7122625454294
14 807 651249 2282.5406896701757
14 808 652864 2285.369116794922
14 809 654481 2288.197543919668
14 810 656100 2291.0259710444143
14 811 657721 2293.8543981691605
14 812 659344 2296.6828252939067
14 813 660969 2299.511252418653
14 814 662596 2302.3396795433987
14 815 664225 2305.168106668145
14 816 665856 2307.996533792891
14 817 667489 2310.8249609176373
14 818 669124 2313.6533880423835
14 819 670761 2316.4818151671298
14 820 672400 2319.310242291876
14 821 674041 2322.138669416622
14 822 675684 2324.9670965413684
14 823 677329 2327.7955236661146
14 824 678976 2330.623950790861
14 825 680625 2333.452377915607
14 826 682276 2336.2808050403532
14 827 683929 2339.1092321650995
14 828 685584 2341.9376592898457
14 829 687241 2344.766086414592
14 830 688900 2347.594513539338
14 831 690561 2350.4229406640843
14 832 692224 2353.2513677888305
14 833 693889 2356.0797949135767
14 834 695556 2358.9082220383225
14 835 697225 2361.7366491630687
14 836 698896 2364.565076287815
14 837 700569 2367.393503412561
14 838 702244 2370.2219305373073
14 839 703921 2373.0503576620536
14 840 705600 2375.8787847867998
14 841 707281 2378.707211911546
14 842 708964 2381.535639036292
14 843 710649 2384.3640661610384
14 844 712336 2387.1924932857846
14 845 714025 2390.020920410531
14 846 715716 2392.849347535277
14 847 717409 2395.6777746600233
14 848 719104 2398.5062017847695
14 849 720801 2401.3346289095157
14 850 722500 2404.163056034262
14 851 724201 2406.991483159008
14 852 725904 2409.8199102837543
14 853 727609 2412.6483374085005
14 854 729316 2415.4767645332463
14 855 731025 2418.3051916579925
14 856 732736 2421.1336187827387
14 857 734449 2423.962045907485
14 858 736164 2426.790473032231
14 859 737881 2429.6189001569774
14 860 739600 2432.4473272817236
14 861 741321 2435.27575440647
14 862 743044 2438.104181531216
14 863 744769 2440.932608655962
14 864 746496 2443.7610357807084
14 865 748225 2446.5894629054546
14 866 749956 2449.417890030201
14 867 751689 2452.246317154947
14 868 753424 2455.0747442796933
14 869 755161 2457.9031714044395
14 870 756900 2460.7315985291857
14 871 758641 2463.560025653932
14 872 760384 2466.388452778678
14 873 762129 2469.2168799034243
14 874 763876 2472.04530702817
14 875 765625 2474.8737341529163
14 876 767376 2477.7021612776625
14 877 769129 2480.5305884024087
14 878 770884 2483.359015527155
14 879 772641 2486.187442651901
14 880 774400 2489.0158697766474
14 881 776161 2491.8442969013936
14 882 777924 2494.67272402614
14 883 779689 2497.501151150886
14 884 781456 2500.3295782756322
14 885 783225 2503.1580054003784
14 886 784996 2505.9864325251247
14 887 786769 2508.814859649871
14 888 788544 2511.643286774617
14 889 790321 2514.4717138993633
14 890 792100 2517.3001410241095
14 891 793881 2520.1285681488557
14 892 795664 2522.956995273602
14 893 797449 2525.785422398348
14 894 799236 2528.613849523094
14 895 801025 2531.44227664784
14 896 802816 2534.2707037725863
14 897 804609 2537.0991308973325
14 898 806404 2539.9275580220788
14 899 808201 2542.755985146825
14 900 810000 2545.584412271571
14 901 811801 2548.4128393963174
14 902 813604 2551.2412665210636
14 903 815409 2554.06969364581
14 904 817216 2556.898120770556
14 905 819025 2559.7265478953022
14 906 820836 2562.5549750200485
14 907 822649 2565.3834021447947
14 908 824464 2568.211829269541
14 909 826281 2571.040256394287
14 910 828100 2573.8686835190333
14 911 829921 2576.6971106437795
14 912 831744 2579.5255377685257
14 913 833569 2582.353964893272
14 914 835396 2585.1823920180177
14 915 837225 2588.010819142764
14 916 839056 2590.83924626751
14 917 840889 2593.6676733922563
14 918 842724 2596.4961005170026
14 919 844561 2599.324527641749
14 920 846400 2602.152954766495
14 921 848241 2604.981381891241
14 922 850084 2607.8098090159874
14 923 851929 2610.6382361407336
14 924 853776 2613.46666326548
14 925 855625 2616.295090390226
14 926 857476 2619.1235175149723
14 927 859329 2621.9519446397185
14 928 861184 2624.7803717644647
14 929 863041 2627.608798889211
14 930 864900 2630.437226013957
14 931 866761 2633.2656531387033
14 932 868624 2636.0940802634495
14 933 870489 2638.9225073881958
14 934 872356 2641.7509345129415
14 935 874225 2644.5793616376877
14 936 876096 2647.407788762434
14 937 877969 2650.23621588718
14 938 879844 2653.0646430119264
14 939 881721 2655.8930701366726
14 940 883600 2658.721497261419
14 941 885481 2661.549924386165
14 942 887364 2664.378351510911
14 943 889249 2667.2067786356574
14 944 891136 2670.0352057604036
14 945 893025 2672.86363288515
14 946 894916 2675.692060009896
14 947 896809 2678.5204871346423
14 948 898704 2681.3489142593885
14 949 900601 2684.1773413841347
14 950 902500 2687.005768508881
14 951 904401 2689.834195633627
14 952 906304 2692.6626227583733
14 953 908209 2695.4910498831196
14 954 910116 2698.3194770078653
14 955 912025 2701.1479041326115
14 956 913936 2703.9763312573577
14 957 915849 2706.804758382104
14 958 917764 2709.63318550685
14 959 919681 2712.4616126315964
14 960 921600 2715.2900397563426
14 961 923521 2718.118466881089
14 962 925444 2720.946894005835
14 963 927369 2723.7753211305812
14 964 929296 2726.6037482553274
14 965 931225 2729.4321753800737
14 966 933156 2732.26060250482
14 967 935089 2735.089029629566
14 968 937024 2737.9174567543123
14 969 938961 2740.7458838790585
14 970 940900 2743.5743110038047
14 971 942841 2746.402738128551
14 972 944784 2749.231165253297
14 973 946729 2752.0595923780434
14 974 948676 2754.888019502789
14 975 950625 2757.7164466275353
14 976 952576 2760.5448737522815
14 977 954529 2763.3733008770278
14 978 956484 2766.201728001774
14 979 958441 2769.03015512652
14 980 960400 2771.8585822512664
14 981 962361 2774.6870093760126
14 982 964324 2777.515436500759
14 983 966289 2780.343863625505
14 984 968256 2783.1722907502512
14 985 970225 2786.0007178749975
14 986 972196 2788.8291449997437
14 987 974169 2791.65757212449
14 988 976144 2794.485999249236
14 989 978121 2797.3144263739823
14 990 980100 2800.1428534987285
14 991 982081 2802.9712806234747
14 992 984064 2805.799707748221
14 993 986049 2808.628134872967
14 994 988036 2811.456561997713
14 995 990025 2814.284989122459
14 996 992016 2817.1134162472054
14 997 994009 2819.9418433719516
14 998 996004 2822.770270496698
14 999 998001 2825.598697621444
